000000 0
000001 0
000002 3
000003 5
000004 2
000005 2
000006 1
000007 0
000008 1
000009 0
000010 2
000011 0
000012 3
000013 1
000014 5
000015 1
000016 4
000017 0
000018 4
000019 2
000020 1
000021 4
000022 0
000023 3
000024 0
000025 1
000026 3
000027 3
000028 0
000029 1
000030 2
000031 5
000032 2
000033 5
000034 0
000035 3
000036 5
000037 1
000038 5
000039 2
000040 0
000041 3
000042 3
000043 1
000044 5
000045 2
000046 4
000047 2
000048 4
000049 5
000050 0
000051 2
000052 4
000053 3
000054 3
000055 2
000056 3
000057 1
000058 4
000059 2
000060 5
000061 2
000062 3
000063 2
000064 4
000065 2
000066 4
000067 3
000068 1
000069 5
000070 0
000071 4
000072 5
000073 5
000074 1
000075 5
000076 4
000077 5
000078 3
000079 3
000080 0
000081 0
000082 0
000083 2
000084 4
000085 3
000086 2
000087 2
000088 2
000089 2
000090 5
000091 0
000092 5
000093 3
000094 4
000095 1
000096 2
000097 2
000098 2
000099 0
000100 2
000101 5
000102 0
000103 2
000104 1
000105 2
000106 5
000107 5
000108 4
000109 2
000110 2
000111 0
000112 0
000113 1
000114 2
000115 1
000116 2
000117 5
000118 1
000119 5
000120 4
000121 0
000122 0
000123 1
000124 3
000125 5
000126 2
000127 5
000128 4
000129 4
000130 1
000131 0
000132 1
000133 5
000134 4
000135 4
000136 4
000137 5
000138 1
000139 5
000140 5
000141 2
000142 0
000143 3
000144 3
000145 5
000146 2
000147 2
000148 2
000149 1
000150 1
000151 0
000152 4
000153 2
000154 4
000155 4
000156 3
000157 4
000158 0
000159 2
000160 0
000161 2
000162 2
000163 0
000164 5
000165 5
000166 2
000167 3
000168 4
000169 2
000170 5
000171 3
000172 4
000173 5
000174 0
000175 0
000176 0
000177 3
000178 3
000179 4
000180 3
000181 2
000182 4
000183 2
000184 2
000185 0
000186 3
000187 2
000188 2
000189 2
000190 3
000191 5
000192 4
000193 4
000194 2
000195 5
000196 4
000197 5
000198 0
000199 0
000200 2
000201 5
000202 1
000203 2
000204 5
000205 1
000206 0
000207 3
000208 1
000209 1
000210 5
000211 0
000212 3
000213 3
000214 3
000215 1
000216 4
000217 3
000218 0
000219 2
000220 2
000221 3
000222 4
000223 0
000224 0
000225 2
000226 4
000227 5
000228 3
000229 2
000230 0
000231 5
000232 4
000233 1
000234 2
000235 3
000236 2
000237 0
000238 0
000239 5
000240 2
000241 5
000242 5
000243 0
000244 0
000245 2
000246 2
000247 2
000248 0
000249 5
000250 3
000251 1
000252 3
000253 2
000254 2
000255 5
000256 4
000257 3
000258 1
000259 5
000260 0
000261 0
000262 0
000263 5
000264 1
000265 0
000266 0
000267 2
000268 2
000269 3
000270 1
000271 5
000272 4
000273 2
000274 4
000275 2
000276 3
000277 4
000278 0
000279 5
000280 2
000281 2
000282 5
000283 1
000284 3
000285 0
000286 0
000287 0
000288 5
000289 1
000290 4
000291 2
000292 5
000293 3
000294 2
000295 5
000296 1
000297 5
000298 5
000299 4
000300 5
000301 3
000302 1
000303 2
000304 0
000305 2
000306 4
000307 2
000308 2
000309 2
000310 2
000311 2
000312 1
000313 5
000314 0
000315 0
000316 3
000317 1
000318 1
000319 2
000320 3
000321 1
000322 2
000323 5
000324 0
000325 3
000326 0
000327 2
000328 2
000329 4
000330 2
000331 2
000332 0
000333 2
000334 1
000335 2
000336 4
000337 3
000338 0
000339 2
000340 3
000341 4
000342 1
000343 3
000344 0
000345 5
000346 5
000347 2
000348 1
000349 3
000350 5
000351 0
000352 5
000353 2
000354 3
000355 3
000356 2
000357 0
000358 2
000359 1
000360 1
000361 1
000362 2
000363 5
000364 4
000365 2
000366 2
000367 2
000368 1
000369 3
000370 2
000371 5
000372 3
000373 3
000374 3
000375 1
000376 0
000377 4
000378 3
000379 3
000380 0
000381 4
000382 2
000383 1
000384 2
000385 5
000386 2
000387 4
000388 3
000389 0
000390 5
000391 5
000392 2
000393 4
000394 0
000395 4
000396 1
000397 1
000398 1
000399 0
000400 0
000401 4
000402 2
000403 3
000404 1
000405 3
000406 4
000407 4
000408 4
000409 4
000410 0
000411 4
000412 3
000413 2
000414 2
000415 2
000416 5
000417 1
000418 4
000419 3
000420 5
000421 2
000422 4
000423 0
000424 5
000425 0
000426 3
000427 2
000428 2
000429 3
000430 3
000431 3
000432 3
000433 5
000434 2
000435 5
000436 5
000437 1
000438 2
000439 0
000440 0
000441 3
000442 5
000443 1
000444 0
000445 1
000446 0
000447 4
000448 1
000449 0
000450 0
000451 2
000452 5
000453 3
000454 3
000455 4
000456 1
000457 3
000458 0
000459 5
000460 4
000461 4
000462 0
000463 2
000464 5
000465 3
000466 1
000467 5
000468 2
000469 1
000470 2
000471 4
000472 5
000473 5
000474 5
000475 0
000476 2
000477 5
000478 1
000479 3
000480 0
000481 5
000482 2
000483 0
000484 5
000485 3
000486 5
000487 4
000488 2
000489 5
000490 1
000491 1
000492 2
000493 0
000494 3
000495 3
000496 4
000497 3
000498 3
000499 1
000500 5
000501 1
000502 2
000503 4
000504 0
000505 2
000506 2
000507 5
000508 0
000509 3
000510 1
000511 2
000512 0
000513 4
000514 1
000515 2
000516 4
000517 3
000518 0
000519 3
000520 2
000521 5
000522 3
000523 5
000524 2
000525 2
000526 2
000527 4
000528 3
000529 1
000530 0
000531 2
000532 4
000533 4
000534 3
000535 5
000536 5
000537 5
000538 4
000539 2
000540 1
000541 5
000542 3
000543 2
000544 4
000545 0
000546 1
000547 5
000548 2
000549 2
000550 0
000551 1
000552 3
000553 1
000554 0
000555 3
000556 1
000557 0
000558 0
000559 5
000560 0
000561 3
000562 4
000563 0
000564 1
000565 4
000566 5
000567 4
000568 1
000569 0
000570 0
000571 2
000572 5
000573 0
000574 4
000575 1
000576 1
000577 2
000578 1
000579 4
000580 1
000581 2
000582 1
000583 2
000584 4
000585 1
000586 3
000587 4
000588 5
000589 3
000590 5
000591 2
000592 3
000593 5
000594 2
000595 5
000596 3
000597 3
000598 3
000599 0
000600 3
000601 5
000602 5
000603 5
000604 2
000605 3
000606 1
000607 3
000608 3
000609 3
000610 0
000611 4
000612 2
000613 3
000614 4
000615 5
000616 0
000617 5
000618 1
000619 1
000620 2
000621 1
000622 3
000623 2
000624 2
000625 2
000626 3
000627 1
000628 2
000629 2
000630 5
000631 2
000632 0
000633 3
000634 2
000635 0
000636 4
000637 1
000638 0
000639 0
000640 1
000641 3
000642 2
000643 5
000644 2
000645 4
000646 2
000647 4
000648 4
000649 2
000650 1
000651 1
000652 1
000653 2
000654 1
000655 1
000656 2
000657 1
000658 3
000659 4
000660 3
000661 2
000662 2
000663 2
000664 2
000665 4
000666 5
000667 1
000668 3
000669 0
000670 3
000671 5
000672 3
000673 1
000674 3
000675 5
000676 0
000677 3
000678 3
000679 5
000680 1
000681 1
000682 4
000683 5
000684 3
000685 5
000686 5
000687 2
000688 5
000689 2
000690 2
000691 4
000692 3
000693 4
000694 5
000695 2
000696 1
000697 2
000698 1
000699 0
000700 1
000701 2
000702 1
000703 3
000704 4
000705 0
000706 2
000707 0
000708 2
000709 2
000710 0
000711 3
000712 1
000713 2
000714 2
000715 2
000716 3
000717 1
000718 2
000719 5
000720 1
000721 2
000722 2
000723 0
000724 3
000725 0
000726 0
000727 1
000728 5
000729 5
000730 2
000731 1
000732 5
000733 5
000734 2
000735 1
000736 5
000737 3
000738 2
000739 2
000740 5
000741 0
000742 0
000743 5
000744 2
000745 1
000746 0
000747 2
000748 4
000749 2
000750 2
000751 2
000752 0
000753 1
000754 5
000755 2
000756 0
000757 4
000758 2
000759 3
000760 2
000761 0
000762 0
000763 2
000764 1
000765 2
000766 2
000767 5
000768 0
000769 1
000770 2
000771 0
000772 3
000773 1
000774 2
000775 5
000776 2
000777 5
000778 5
000779 1
000780 3
000781 5
000782 1
000783 1
000784 0
000785 5
000786 2
000787 1
000788 1
000789 1
000790 0
000791 5
000792 2
000793 3
000794 0
000795 2
000796 5
000797 4
000798 0
000799 4
000800 2
000801 3
000802 4
000803 0
000804 1
000805 2
000806 4
000807 4
000808 5
000809 3
000810 2
000811 0
000812 3
000813 5
000814 0
000815 3
000816 5
000817 2
000818 0
000819 1
000820 3
000821 1
000822 3
000823 1
000824 4
000825 5
000826 4
000827 1
000828 4
000829 3
000830 0
000831 4
000832 1
000833 4
000834 1
000835 0
000836 5
000837 3
000838 0
000839 0
000840 5
000841 3
000842 4
000843 3
000844 3
000845 0
000846 2
000847 5
000848 4
000849 4
000850 5
000851 3
000852 3
000853 5
000854 1
000855 1
000856 3
000857 2
000858 1
000859 4
000860 3
000861 4
000862 0
000863 0
000864 3
000865 0
000866 0
000867 3
000868 2
000869 2
000870 2
000871 3
000872 0
000873 0
000874 3
000875 3
000876 3
000877 4
000878 2
000879 0
000880 2
000881 5
000882 5
000883 5
000884 4
000885 3
000886 1
000887 0
000888 3
000889 4
000890 0
000891 4
000892 5
000893 3
000894 1
000895 0
000896 0
000897 2
000898 5
000899 5
000900 5
000901 1
000902 1
000903 2
000904 4
000905 0
000906 2
000907 4
000908 3
000909 4
000910 4
000911 3
000912 5
000913 3
000914 3
000915 5
000916 3
000917 5
000918 3
000919 3
000920 1
000921 0
000922 2
000923 3
000924 3
000925 2
000926 3
000927 5
000928 5
000929 3
000930 5
000931 0
000932 4
000933 3
000934 2
000935 3
000936 2
000937 4
000938 2
000939 2
000940 2
000941 2
000942 5
000943 3
000944 0
000945 3
000946 1
000947 5
000948 2
000949 2
000950 1
000951 1
000952 0
000953 1
000954 1
000955 5
000956 3
000957 5
000958 5
000959 2
000960 0
000961 1
000962 0
000963 4
000964 4
000965 1
000966 0
000967 1
000968 4
000969 2
000970 2
000971 2
000972 2
000973 0
000974 5
000975 1
000976 0
000977 5
000978 3
000979 1
000980 3
000981 4
000982 4
000983 3
000984 3
000985 5
000986 2
000987 2
000988 2
000989 1
000990 2
000991 5
000992 1
000993 5
000994 3
000995 5
000996 1
000997 0
000998 2
000999 2
001000 1
001001 3
001002 5
001003 1
001004 1
001005 5
001006 3
001007 1
001008 2
001009 1
001010 0
001011 1
001012 5
001013 2
001014 1
001015 2
001016 5
001017 1
001018 2
001019 3
001020 5
001021 0
001022 1
001023 0
001024 1
001025 0
001026 1
001027 1
001028 3
001029 1
001030 4
001031 2
001032 2
001033 2
001034 3
001035 2
001036 2
001037 0
001038 4
001039 2
001040 3
001041 5
001042 2
001043 5
001044 1
001045 5
001046 3
001047 3
001048 3
001049 5
001050 2
001051 5
001052 3
001053 1
001054 4
001055 2
001056 3
001057 2
001058 2
001059 0
001060 2
001061 2
001062 4
001063 2
001064 2
001065 5
001066 5
001067 2
001068 1
001069 2
001070 3
001071 3
001072 3
001073 2
001074 3
001075 1
001076 0
001077 3
001078 5
001079 0
001080 2
001081 2
001082 4
001083 3
001084 1
001085 5
001086 1
001087 4
001088 4
001089 4
001090 0
001091 2
001092 2
001093 2
001094 4
001095 3
001096 5
001097 2
001098 0
001099 2
001100 5
001101 0
001102 2
001103 1
001104 1
001105 0
001106 0
001107 3
001108 0
001109 0
001110 3
001111 5
001112 2
001113 5
001114 4
001115 4
001116 3
001117 2
001118 1
001119 2
001120 4
001121 0
001122 2
001123 3
001124 4
001125 2
001126 3
001127 2
001128 2
001129 0
001130 1
001131 5
001132 5
001133 2
001134 2
001135 2
001136 4
001137 1
001138 2
001139 5
001140 4
001141 0
001142 0
001143 3
001144 5
001145 3
001146 0
001147 2
001148 5
001149 3
001150 5
001151 0
001152 3
001153 0
001154 4
001155 4
001156 2
001157 0
001158 2
001159 0
001160 1
001161 1
001162 1
001163 5
001164 3
001165 4
001166 3
001167 3
001168 5
001169 0
001170 1
001171 1
001172 2
001173 4
001174 1
001175 4
001176 5
001177 4
001178 1
001179 1
001180 2
001181 5
001182 5
001183 1
001184 5
001185 2
001186 2
001187 4
001188 3
001189 2
001190 1
001191 3
001192 0
001193 5
001194 2
001195 4
001196 2
001197 1
001198 2
001199 1
001200 4
001201 2
001202 1
001203 1
001204 5
001205 3
001206 5
001207 5
001208 2
001209 1
001210 2
001211 4
001212 5
001213 3
001214 1
001215 1
001216 1
001217 2
001218 4
001219 5
001220 0
001221 2
001222 0
001223 2
001224 0
001225 2
001226 1
001227 3
001228 3
001229 2
001230 5
001231 2
001232 3
001233 3
001234 5
001235 5
001236 2
001237 2
001238 0
001239 5
001240 3
001241 0
001242 0
001243 4
001244 5
001245 4
001246 4
001247 3
001248 4
001249 2
001250 2
001251 3
001252 2
001253 0
001254 0
001255 3
001256 2
001257 1
001258 2
001259 5
001260 5
001261 3
001262 0
001263 3
001264 3
001265 2
001266 2
001267 0
001268 0
001269 5
001270 2
001271 0
001272 2
001273 3
001274 1
001275 4
001276 3
001277 3
001278 2
001279 2
001280 4
001281 1
001282 2
001283 2
001284 2
001285 1
001286 2
001287 5
001288 4
001289 3
001290 2
001291 3
001292 3
001293 0
001294 2
001295 0
001296 4
001297 2
001298 5
001299 4
001300 0
001301 5
001302 2
001303 5
001304 1
001305 1
001306 0
001307 2
001308 3
001309 5
001310 5
001311 5
001312 2
001313 1
001314 3
001315 0
001316 3
001317 0
001318 1
001319 0
001320 1
001321 5
001322 2
001323 3
001324 2
001325 2
001326 3
001327 5
001328 4
001329 5
001330 5
001331 1
001332 5
001333 3
001334 1
001335 5
001336 3
001337 4
001338 0
001339 4
001340 2
001341 3
001342 5
001343 2
001344 5
001345 5
001346 5
001347 3
001348 2
001349 0
001350 0
001351 5
001352 2
001353 1
001354 5
001355 2
001356 5
001357 0
001358 4
001359 4
001360 2
001361 1
001362 4
001363 5
001364 4
001365 1
001366 5
001367 1
001368 1
001369 1
001370 0
001371 3
001372 4
001373 0
001374 2
001375 1
001376 0
001377 1
001378 4
001379 3
001380 2
001381 3
001382 2
001383 0
001384 0
001385 3
001386 2
001387 5
001388 2
001389 2
001390 2
001391 5
001392 2
001393 2
001394 5
001395 3
001396 2
001397 2
001398 2
001399 4
001400 5
001401 5
001402 2
001403 4
001404 0
001405 2
001406 1
001407 2
001408 5
001409 3
001410 2
001411 0
001412 5
001413 5
001414 3
001415 1
001416 5
001417 1
001418 2
001419 0
001420 1
001421 3
001422 2
001423 0
001424 3
001425 3
001426 2
001427 4
001428 3
001429 3
001430 4
001431 1
001432 0
001433 4
001434 2
001435 3
001436 1
001437 5
001438 2
001439 5
001440 5
001441 3
001442 1
001443 4
001444 0
001445 3
001446 2
001447 1
001448 5
001449 2
001450 5
001451 5
001452 5
001453 3
001454 2
001455 2
001456 0
001457 2
001458 5
001459 2
001460 5
001461 3
001462 0
001463 2
001464 4
001465 4
001466 2
001467 2
001468 4
001469 2
001470 3
001471 2
001472 3
001473 2
001474 3
001475 4
001476 2
001477 2
001478 2
001479 2
001480 5
001481 4
001482 1
001483 4
001484 2
001485 0
001486 5
001487 1
001488 5
001489 5
001490 5
001491 5
001492 2
001493 4
001494 5
001495 4
001496 1
001497 1
001498 1
001499 3
001500 4
001501 5
001502 3
001503 5
001504 0
001505 3
001506 3
001507 2
001508 2
001509 5
001510 3
001511 5
001512 2
001513 1
001514 4
001515 3
001516 4
001517 3
001518 0
001519 2
001520 5
001521 0
001522 3
001523 1
001524 3
001525 5
001526 0
001527 2
001528 1
001529 5
001530 1
001531 1
001532 2
001533 1
001534 4
001535 1
001536 2
001537 0
001538 1
001539 2
001540 2
001541 1
001542 3
001543 0
001544 1
001545 3
001546 5
001547 2
001548 5
001549 5
001550 0
001551 0
001552 2
001553 0
001554 2
001555 2
001556 2
001557 5
001558 2
001559 0
001560 5
001561 3
001562 5
001563 3
001564 0
001565 3
001566 5
001567 2
001568 3
001569 5
001570 1
001571 2
001572 5
001573 4
001574 5
001575 2
001576 0
001577 2
001578 5
001579 2
001580 3
001581 0
001582 2
001583 3
001584 4
001585 5
001586 5
001587 1
001588 2
001589 3
001590 2
001591 4
001592 5
001593 0
001594 4
001595 5
001596 0
001597 1
001598 2
001599 3
001600 0
001601 3
001602 5
001603 4
001604 5
001605 3
001606 1
001607 1
001608 0
001609 1
001610 5
001611 0
001612 1
001613 4
001614 3
001615 1
001616 0
001617 3
001618 0
001619 2
001620 2
001621 2
001622 3
001623 2
001624 1
001625 2
001626 1
001627 4
001628 2
001629 2
001630 5
001631 0
001632 2
001633 2
001634 2
001635 3
001636 5
001637 5
001638 0
001639 2
001640 1
001641 2
001642 2
001643 5
001644 5
001645 5
001646 4
001647 1
001648 1
001649 3
001650 2
001651 1
001652 2
001653 5
001654 3
001655 3
001656 5
001657 5
001658 5
001659 4
001660 0
001661 5
001662 5
001663 2
001664 5
001665 5
001666 1
001667 5
001668 3
001669 3
001670 5
001671 2
001672 1
001673 0
001674 3
001675 0
001676 5
001677 5
001678 4
001679 4
001680 3
001681 4
001682 2
001683 2
001684 4
001685 0
001686 5
001687 1
001688 5
001689 0
001690 0
001691 2
001692 2
001693 3
001694 2
001695 3
001696 0
001697 2
001698 2
001699 5
001700 2
001701 3
001702 3
001703 4
001704 0
001705 2
001706 0
001707 2
001708 2
001709 3
001710 5
001711 0
001712 3
001713 5
001714 4
001715 2
001716 2
001717 5
001718 4
001719 0
001720 5
001721 0
001722 2
001723 3
001724 3
001725 3
001726 3
001727 2
001728 2
001729 3
001730 3
001731 3
001732 5
001733 3
001734 2
001735 3
001736 0
001737 0
001738 0
001739 4
001740 2
001741 5
001742 4
001743 2
001744 4
001745 5
001746 3
001747 0
001748 5
001749 0
001750 1
001751 0
001752 4
001753 3
001754 2
001755 1
001756 1
001757 3
001758 1
001759 1
001760 3
001761 0
001762 2
001763 5
001764 3
001765 5
001766 1
001767 2
001768 2
001769 2
001770 0
001771 1
001772 5
001773 1
001774 5
001775 0
001776 5
001777 0
001778 3
001779 5
001780 4
001781 0
001782 1
001783 1
001784 0
001785 2
001786 4
001787 2
001788 0
001789 2
001790 0
001791 2
001792 1
001793 4
001794 0
001795 3
001796 3
001797 0
001798 4
001799 0
001800 0
001801 5
001802 3
001803 5
001804 4
001805 0
001806 5
001807 2
001808 2
001809 4
001810 3
001811 4
001812 2
001813 5
001814 3
001815 1
001816 3
001817 0
001818 5
001819 5
001820 3
001821 5
001822 2
001823 1
001824 2
001825 5
001826 0
001827 2
001828 4
001829 1
001830 5
001831 3
001832 3
001833 2
001834 5
001835 0
001836 0
001837 5
001838 5
001839 0
001840 1
001841 0
001842 5
001843 3
001844 5
001845 2
001846 1
001847 1
001848 3
001849 1
001850 5
001851 2
001852 5
001853 1
001854 0
001855 1
001856 3
001857 5
001858 4
001859 4
001860 2
001861 1
001862 2
001863 2
001864 4
001865 4
001866 3
001867 3
001868 2
001869 1
001870 1
001871 2
001872 5
001873 2
001874 5
001875 0
001876 2
001877 4
001878 2
001879 3
001880 0
001881 4
001882 4
001883 0
001884 0
001885 1
001886 3
001887 4
001888 4
001889 4
001890 0
001891 5
001892 0
001893 3
001894 2
001895 2
001896 0
001897 1
001898 3
001899 2
001900 0
001901 2
001902 3
001903 4
001904 5
001905 5
001906 5
001907 5
001908 3
001909 5
001910 0
001911 4
001912 1
001913 5
001914 4
001915 5
001916 4
001917 2
001918 0
001919 4
001920 1
001921 4
001922 0
001923 3
001924 3
001925 3
001926 2
001927 2
001928 2
001929 1
001930 0
001931 4
001932 1
001933 5
001934 5
001935 4
001936 3
001937 2
001938 5
001939 4
001940 0
001941 3
001942 2
001943 2
001944 3
001945 3
001946 3
001947 3
001948 1
001949 4
001950 3
001951 1
001952 2
001953 5
001954 2
001955 2
001956 3
001957 5
001958 2
001959 2
001960 4
001961 2
001962 3
001963 2
001964 0
001965 3
001966 2
001967 2
001968 5
001969 2
001970 2
001971 1
001972 4
001973 2
001974 2
001975 5
001976 0
001977 5
001978 1
001979 2
001980 2
001981 0
001982 3
001983 5
001984 2
001985 0
001986 1
001987 0
001988 2
001989 2
001990 1
001991 2
001992 3
001993 3
001994 5
001995 2
001996 3
001997 1
001998 5
001999 5
002000 0
002001 2
002002 3
002003 3
002004 5
002005 4
002006 3
002007 1
002008 5
002009 5
002010 0
002011 2
002012 1
002013 5
002014 1
002015 2
002016 4
002017 4
002018 1
002019 2
002020 1
002021 2
002022 3
002023 1
002024 1
002025 2
002026 1
002027 5
002028 2
002029 2
002030 4
002031 3
002032 2
002033 0
002034 3
002035 1
002036 0
002037 0
002038 1
002039 1
002040 2
002041 3
002042 4
002043 3
002044 1
002045 1
002046 2
002047 0
002048 3
002049 1
002050 0
002051 2
002052 0
002053 5
002054 3
002055 3
002056 5
002057 5
002058 3
002059 2
002060 4
002061 1
002062 2
002063 2
002064 0
002065 1
002066 5
002067 3
002068 2
002069 4
002070 2
002071 2
002072 0
002073 5
002074 0
002075 3
002076 3
002077 5
002078 4
002079 5
002080 3
002081 4
002082 3
002083 4
002084 2
002085 5
002086 2
002087 2
002088 0
002089 1
002090 1
002091 3
002092 2
002093 2
002094 1
002095 2
002096 2
002097 1
002098 2
002099 2
002100 5
002101 3
002102 4
002103 2
002104 1
002105 2
002106 0
002107 3
002108 3
002109 3
002110 5
002111 2
002112 4
002113 2
002114 2
002115 2
002116 2
002117 2
002118 2
002119 0
002120 1
002121 2
002122 0
002123 2
002124 3
002125 0
002126 2
002127 2
002128 2
002129 3
002130 3
002131 1
002132 5
002133 2
002134 5
002135 5
002136 0
002137 3
002138 0
002139 2
002140 2
002141 5
002142 2
002143 0
002144 3
002145 2
002146 2
002147 2
002148 1
002149 0
002150 2
002151 5
002152 2
002153 4
002154 3
002155 2
002156 2
002157 4
002158 3
002159 4
002160 5
002161 2
002162 2
002163 0
002164 4
002165 2
002166 2
002167 4
002168 5
002169 1
002170 3
002171 3
002172 2
002173 5
002174 5
002175 5
002176 2
002177 0
002178 0
002179 5
002180 4
002181 0
002182 2
002183 3
002184 2
002185 2
002186 1
002187 1
002188 2
002189 3
002190 4
002191 3
002192 0
002193 2
002194 2
002195 2
002196 0
002197 2
002198 0
002199 2
002200 2
002201 5
002202 3
002203 2
002204 3
002205 1
002206 2
002207 5
002208 2
002209 5
002210 3
002211 2
002212 2
002213 3
002214 3
002215 4
002216 1
002217 5
002218 3
002219 0
002220 4
002221 0
002222 0
002223 5
002224 0
002225 5
002226 4
002227 1
002228 5
002229 2
002230 5
002231 1
002232 1
002233 2
002234 4
002235 0
002236 5
002237 3
002238 1
002239 2
002240 4
002241 3
002242 2
002243 0
002244 5
002245 5
002246 2
002247 1
002248 3
002249 3
002250 5
002251 2
002252 2
002253 2
002254 3
002255 4
002256 2
002257 1
002258 0
002259 3
002260 3
002261 2
002262 4
002263 0
002264 5
002265 2
002266 2
002267 5
002268 0
002269 4
002270 2
002271 3
002272 2
002273 0
002274 1
002275 2
002276 5
002277 2
002278 5
002279 3
002280 4
002281 5
002282 3
002283 5
002284 4
002285 3
002286 2
002287 3
002288 5
002289 5
002290 2
002291 2
002292 2
002293 3
002294 2
002295 1
002296 4
002297 2
002298 1
002299 4
002300 3
002301 2
002302 2
002303 2
002304 0
002305 1
002306 1
002307 2
002308 2
002309 2
002310 0
002311 2
002312 5
002313 2
002314 5
002315 2
002316 3
002317 5
002318 2
002319 0
002320 2
002321 4
002322 0
002323 3
002324 0
002325 4
002326 2
002327 3
002328 4
002329 5
002330 2
002331 3
002332 5
002333 0
002334 2
002335 0
002336 0
002337 1
002338 4
002339 2
002340 3
002341 5
002342 2
002343 2
002344 2
002345 4
002346 4
002347 2
002348 5
002349 4
002350 5
002351 3
002352 2
002353 2
002354 2
002355 0
002356 3
002357 2
002358 3
002359 3
002360 0
002361 5
002362 4
002363 3
002364 5
002365 2
002366 5
002367 2
002368 0
002369 3
002370 1
002371 2
002372 0
002373 1
002374 0
002375 2
002376 2
002377 2
002378 2
002379 0
002380 2
002381 1
002382 4
002383 3
002384 1
002385 3
002386 4
002387 5
002388 4
002389 0
002390 3
002391 0
002392 2
002393 4
002394 0
002395 3
002396 1
002397 2
002398 1
002399 0
002400 3
002401 5
002402 3
002403 2
002404 3
002405 1
002406 3
002407 1
002408 3
002409 2
002410 2
002411 0
002412 2
002413 1
002414 5
002415 2
002416 0
002417 4
002418 5
002419 2
002420 5
002421 1
002422 2
002423 5
002424 2
002425 2
002426 5
002427 2
002428 2
002429 0
002430 5
002431 2
002432 2
002433 0
002434 3
002435 2
002436 2
002437 2
002438 4
002439 2
002440 3
002441 2
002442 0
002443 0
002444 0
002445 0
002446 1
002447 3
002448 1
002449 3
002450 1
002451 2
002452 3
002453 0
002454 4
002455 5
002456 2
002457 3
002458 2
002459 3
002460 5
002461 2
002462 2
002463 5
002464 4
002465 3
002466 3
002467 2
002468 2
002469 2
002470 2
002471 5
002472 4
002473 3
002474 3
002475 1
002476 4
002477 3
002478 4
002479 1
002480 5
002481 3
002482 3
002483 4
002484 0
002485 4
002486 0
002487 0
002488 3
002489 4
002490 4
002491 2
002492 1
002493 2
002494 0
002495 1
002496 0
002497 4
002498 0
002499 2
002500 2
002501 0
002502 5
002503 5
002504 0
002505 2
002506 1
002507 3
002508 3
002509 3
002510 4
002511 3
002512 0
002513 0
002514 4
002515 4
002516 3
002517 4
002518 3
002519 1
002520 0
002521 2
002522 0
002523 0
002524 2
002525 0
002526 0
002527 2
002528 3
002529 5
002530 2
002531 5
002532 2
002533 2
002534 2
002535 5
002536 2
002537 5
002538 0
002539 3
002540 3
002541 2
002542 2
002543 5
002544 0
002545 1
002546 2
002547 2
002548 5
002549 2
002550 1
002551 5
002552 0
002553 1
002554 5
002555 5
002556 3
002557 0
002558 3
002559 5
002560 5
002561 1
002562 0
002563 3
002564 1
002565 2
002566 5
002567 2
002568 3
002569 5
002570 0
002571 0
002572 3
002573 2
002574 3
002575 5
002576 2
002577 1
002578 5
002579 3
002580 2
002581 3
002582 2
002583 2
002584 0
002585 4
002586 2
002587 0
002588 2
002589 2
002590 1
002591 3
002592 2
002593 3
002594 2
002595 4
002596 2
002597 4
002598 5
002599 2
002600 2
002601 0
002602 1
002603 1
002604 3
002605 2
002606 5
002607 2
002608 5
002609 5
002610 3
002611 2
002612 3
002613 0
002614 0
002615 4
002616 3
002617 3
002618 3
002619 3
002620 2
002621 1
002622 0
002623 5
002624 3
002625 2
002626 2
002627 3
002628 0
002629 0
002630 2
002631 4
002632 1
002633 1
002634 0
002635 5
002636 4
002637 2
002638 5
002639 4
002640 2
002641 2
002642 3
002643 5
002644 4
002645 4
002646 3
002647 1
002648 1
002649 2
002650 2
002651 1
002652 2
002653 1
002654 2
002655 4
002656 5
002657 2
002658 3
002659 0
002660 5
002661 2
002662 5
002663 1
002664 5
002665 2
002666 1
002667 2
002668 2
002669 0
002670 1
002671 5
002672 3
002673 5
002674 0
002675 2
002676 2
002677 3
002678 3
002679 0
002680 2
002681 3
002682 4
002683 4
002684 3
002685 3
002686 1
002687 1
002688 3
002689 1
002690 2
002691 0
002692 3
002693 2
002694 1
002695 3
002696 4
002697 3
002698 3
002699 3
002700 3
002701 2
002702 1
002703 5
002704 2
002705 5
002706 5
002707 3
002708 3
002709 1
002710 2
002711 2
002712 1
002713 2
002714 4
002715 3
002716 5
002717 1
002718 1
002719 1
002720 0
002721 0
002722 3
002723 5
002724 4
002725 3
002726 5
002727 5
002728 3
002729 2
002730 2
002731 2
002732 1
002733 0
002734 5
002735 0
002736 0
002737 5
002738 0
002739 4
002740 1
002741 0
002742 4
002743 2
002744 2
002745 3
002746 3
002747 2
002748 2
002749 2
002750 3
002751 3
002752 1
002753 2
002754 4
002755 4
002756 1
002757 5
002758 5
002759 3
002760 5
002761 3
002762 3
002763 0
002764 4
002765 2
002766 1
002767 0
002768 1
002769 5
002770 4
002771 3
002772 1
002773 2
002774 5
002775 3
002776 0
002777 5
002778 5
002779 1
002780 1
002781 3
002782 0
002783 1
002784 4
002785 0
002786 1
002787 4
002788 0
002789 1
002790 3
002791 0
002792 5
002793 5
002794 3
002795 4
002796 0
002797 3
002798 5
002799 3
002800 2
002801 3
002802 3
002803 4
002804 1
002805 2
002806 2
002807 3
002808 5
002809 0
002810 0
002811 1
002812 3
002813 3
002814 4
002815 2
002816 2
002817 1
002818 3
002819 4
002820 0
002821 0
002822 2
002823 2
002824 4
002825 3
002826 1
002827 3
002828 3
002829 0
002830 3
002831 2
002832 5
002833 2
002834 0
002835 0
002836 4
002837 5
002838 3
002839 3
002840 0
002841 4
002842 2
002843 3
002844 5
002845 2
002846 3
002847 4
002848 2
002849 2
002850 4
002851 1
002852 5
002853 1
002854 4
002855 0
002856 5
002857 1
002858 1
002859 1
002860 1
002861 4
002862 2
002863 2
002864 2
002865 2
002866 1
002867 5
002868 2
002869 5
002870 1
002871 3
002872 0
002873 5
002874 3
002875 1
002876 3
002877 0
002878 4
002879 1
002880 0
002881 0
002882 5
002883 0
002884 5
002885 4
002886 0
002887 5
002888 2
002889 2
002890 0
002891 3
002892 3
002893 5
002894 0
002895 0
002896 2
002897 2
002898 4
002899 5
002900 0
002901 3
002902 0
002903 4
002904 0
002905 5
002906 3
002907 3
002908 2
002909 4
002910 3
002911 2
002912 2
002913 0
002914 5
002915 5
002916 1
002917 3
002918 2
002919 2
002920 2
002921 1
002922 4
002923 4
002924 4
002925 3
002926 0
002927 2
002928 2
002929 1
002930 1
002931 4
002932 2
002933 3
002934 3
002935 2
002936 2
002937 3
002938 5
002939 0
002940 5
002941 5
002942 2
002943 3
002944 3
002945 3
002946 1
002947 3
002948 0
002949 5
002950 2
002951 3
002952 1
002953 4
002954 3
002955 4
002956 3
002957 0
002958 4
002959 2
002960 3
002961 0
002962 4
002963 1
002964 0
002965 2
002966 2
002967 3
002968 5
002969 1
002970 2
002971 5
002972 1
002973 2
002974 2
002975 1
002976 5
002977 4
002978 2
002979 5
002980 2
002981 5
002982 2
002983 0
002984 0
002985 0
002986 5
002987 2
002988 2
002989 4
002990 4
002991 3
002992 5
002993 1
002994 0
002995 5
002996 3
002997 0
002998 2
002999 3
003000 2
003001 3
003002 0
003003 3
003004 5
003005 5
003006 4
003007 0
003008 1
003009 2
003010 1
003011 3
003012 3
003013 0
003014 2
003015 2
003016 2
003017 0
003018 2
003019 3
003020 0
003021 2
003022 4
003023 1
003024 3
003025 2
003026 1
003027 1
003028 2
003029 1
003030 2
003031 3
003032 4
003033 2
003034 1
003035 4
003036 5
003037 2
003038 4
003039 5
003040 0
003041 5
003042 5
003043 2
003044 5
003045 2
003046 2
003047 2
003048 2
003049 4
003050 3
003051 2
003052 2
003053 3
003054 4
003055 5
003056 2
003057 5
003058 5
003059 1
003060 5
003061 2
003062 1
003063 2
003064 1
003065 5
003066 4
003067 5
003068 1
003069 2
003070 0
003071 1
003072 4
003073 1
003074 3
003075 4
003076 2
003077 1
003078 4
003079 3
003080 5
003081 4
003082 3
003083 2
003084 4
003085 0
003086 4
003087 0
003088 1
003089 5
003090 4
003091 1
003092 2
003093 2
003094 2
003095 1
003096 5
003097 2
003098 3
003099 5
003100 0
003101 2
003102 2
003103 4
003104 2
003105 4
003106 0
003107 3
003108 3
003109 1
003110 3
003111 5
003112 1
003113 2
003114 5
003115 3
003116 5
003117 4
003118 3
003119 0
003120 3
003121 2
003122 5
003123 5
003124 2
003125 3
003126 5
003127 3
003128 3
003129 3
003130 1
003131 0
003132 5
003133 1
003134 3
003135 1
003136 3
003137 2
003138 5
003139 4
003140 0
003141 2
003142 5
003143 3
003144 2
003145 5
003146 1
003147 2
003148 3
003149 2
003150 3
003151 1
003152 2
003153 1
003154 2
003155 1
003156 2
003157 1
003158 0
003159 3
003160 5
003161 2
003162 3
003163 4
003164 0
003165 0
003166 4
003167 5
003168 0
003169 5
003170 0
003171 5
003172 3
003173 4
003174 2
003175 5
003176 1
003177 3
003178 3
003179 0
003180 2
003181 2
003182 5
003183 4
003184 3
003185 3
003186 4
003187 2
003188 2
003189 5
003190 4
003191 3
003192 3
003193 4
003194 1
003195 1
003196 4
003197 5
003198 3
003199 2
003200 5
003201 2
003202 3
003203 3
003204 3
003205 1
003206 5
003207 1
003208 0
003209 4
003210 1
003211 1
003212 0
003213 2
003214 4
003215 5
003216 0
003217 0
003218 2
003219 0
003220 2
003221 5
003222 0
003223 0
003224 2
003225 2
003226 4
003227 0
003228 0
003229 3
003230 0
003231 1
003232 3
003233 5
003234 5
003235 1
003236 2
003237 0
003238 0
003239 0
003240 5
003241 2
003242 2
003243 2
003244 4
003245 1
003246 5
003247 5
003248 3
003249 2
003250 1
003251 5
003252 4
003253 2
003254 5
003255 2
003256 1
003257 2
003258 3
003259 4
003260 0
003261 5
003262 0
003263 2
003264 1
003265 5
003266 3
003267 3
003268 2
003269 4
003270 1
003271 3
003272 5
003273 1
003274 4
003275 3
003276 2
003277 5
003278 2
003279 3
003280 1
003281 2
003282 1
003283 3
003284 5
003285 5
003286 3
003287 5
003288 5
003289 4
003290 5
003291 1
003292 0
003293 3
003294 2
003295 4
003296 3
003297 3
003298 1
003299 5
003300 5
003301 3
003302 2
003303 2
003304 2
003305 1
003306 3
003307 5
003308 0
003309 1
003310 0
003311 5
003312 2
003313 2
003314 0
003315 0
003316 3
003317 3
003318 2
003319 5
003320 3
003321 3
003322 4
003323 5
003324 5
003325 5
003326 4
003327 2
003328 2
003329 3
003330 2
003331 4
003332 2
003333 3
003334 2
003335 3
003336 3
003337 2
003338 2
003339 2
003340 5
003341 1
003342 2
003343 1
003344 1
003345 3
003346 2
003347 0
003348 4
003349 1
003350 1
003351 3
003352 4
003353 2
003354 2
003355 3
003356 3
003357 2
003358 3
003359 2
003360 4
003361 2
003362 5
003363 0
003364 5
003365 1
003366 2
003367 1
003368 3
003369 0
003370 4
003371 2
003372 5
003373 5
003374 3
003375 2
003376 2
003377 0
003378 2
003379 1
003380 3
003381 5
003382 3
003383 2
003384 1
003385 0
003386 2
003387 4
003388 1
003389 4
003390 4
003391 2
003392 5
003393 1
003394 1
003395 1
003396 2
003397 5
003398 2
003399 2
003400 1
003401 3
003402 1
003403 0
003404 5
003405 1
003406 5
003407 5
003408 5
003409 5
003410 4
003411 0
003412 1
003413 5
003414 5
003415 3
003416 1
003417 3
003418 5
003419 2
003420 1
003421 1
003422 3
003423 4
003424 5
003425 2
003426 1
003427 2
003428 1
003429 3
003430 3
003431 2
003432 0
003433 2
003434 1
003435 2
003436 3
003437 4
003438 3
003439 4
003440 5
003441 0
003442 4
003443 4
003444 0
003445 3
003446 5
003447 2
003448 3
003449 5
003450 4
003451 2
003452 0
003453 2
003454 3
003455 3
003456 4
003457 2
003458 2
003459 1
003460 2
003461 4
003462 2
003463 0
003464 4
003465 2
003466 3
003467 4
003468 2
003469 0
003470 4
003471 1
003472 0
003473 2
003474 3
003475 3
003476 2
003477 2
003478 5
003479 2
003480 3
003481 3
003482 5
003483 5
003484 3
003485 2
003486 3
003487 0
003488 3
003489 2
003490 2
003491 0
003492 1
003493 3
003494 0
003495 0
003496 1
003497 0
003498 0
003499 1
003500 3
003501 4
003502 0
003503 4
003504 5
003505 4
003506 0
003507 5
003508 3
003509 1
003510 5
003511 5
003512 3
003513 5
003514 0
003515 2
003516 0
003517 3
003518 2
003519 5
003520 1
003521 5
003522 0
003523 1
003524 3
003525 3
003526 4
003527 2
003528 4
003529 0
003530 5
003531 0
003532 3
003533 5
003534 4
003535 2
003536 3
003537 3
003538 2
003539 2
003540 2
003541 1
003542 2
003543 0
003544 5
003545 3
003546 3
003547 3
003548 2
003549 2
003550 2
003551 0
003552 0
003553 2
003554 2
003555 3
003556 4
003557 4
003558 3
003559 3
003560 5
003561 5
003562 1
003563 5
003564 2
003565 2
003566 3
003567 3
003568 3
003569 0
003570 1
003571 3
003572 0
003573 2
003574 4
003575 4
003576 5
003577 3
003578 2
003579 3
003580 0
003581 1
003582 2
003583 2
003584 3
003585 2
003586 3
003587 3
003588 3
